$ 1 0.000005 10.20027730826997 59 5 50 5e-11
w 496 512 528 512 0
w 512 448 576 448 0
w 576 448 576 512 0
w 496 512 496 544 0
r 496 544 496 608 0 100000
w 496 608 656 608 0
r 656 608 656 544 0 330
w 576 448 656 448 0
w 656 448 656 480 0
162 656 480 656 544 2 default-led 1 0 0 0.02
34 SMD22WS 1 0.00009999999999999999 0 2.1471374857169523 0 2
d 528 512 576 512 2 SMD22WS
f 496 512 496 448 33 0.8 5.4
g 656 608 656 640 0 0
w 496 512 448 512 0
w 480 448 448 448 0
R 448 512 416 512 0 0 40 5 0 0 0.5
w 368 448 368 608 0
v 368 448 448 448 0 0 40 5 0 0 0.5
w 368 608 496 608 0
