$ 1 0.000005 10.20027730826997 55 5 50 5e-11
f 336 448 336 384 33 0.8 5.4
w 336 448 352 448 0
34 SMD22WS 1 0.00009999999999999999 0 2.1471374857169523 0 2
d 368 448 416 448 2 SMD22WS
w 352 384 416 384 0
w 416 384 416 448 0
w 336 448 272 448 0
w 320 384 272 384 0
w 416 448 480 448 0
w 352 448 368 448 0
w 496 512 528 512 0
w 512 448 576 448 0
w 576 448 576 512 0
w 496 512 496 544 0
r 496 544 496 608 0 100000
w 336 608 496 608 0
w 496 608 656 608 0
r 656 608 656 544 0 330
w 576 448 656 448 0
w 656 448 656 480 0
162 656 480 656 544 2 default-led 1 0 0 0.02
r 336 608 336 544 0 100000
w 336 544 336 448 0
w 496 512 272 512 0
d 528 512 576 512 2 SMD22WS
f 496 512 496 448 33 0.8 5.4
g 656 608 656 640 0 0
R 272 512 224 512 0 0 40 0 0 0 0.5
v 192 384 272 384 0 0 40 3.7 0 0 0.5
w 192 384 192 608 0
w 192 608 336 608 0
R 272 448 224 448 0 0 40 0 0 0 0.5
